0
194
road
0
6
7
13
15
22
23
27
28
29
30
31
36
52
53
66
67
83
84
96
97
110
112
113
126
142
143
151
156
157
164
165
166
173
179
181
186
187
193
194
obstacle_0
1
2
3
4
8
11
17
19
21
25
26
32
33
34
37
38
41
43
45
47
49
51
55
56
57
58
59
60
61
62
63
64
68
71
73
75
81
82
85
86
87
88
89
98
105
106
107
108
109
111
115
117
119
121
123
127
128
130
131
132
133
134
135
136
137
138
139
141
145
147
149
153
158
160
161
162
163
167
168
169
171
172
175
177
183
188
190
191
192
obstacle_1
5
9
35
39
65
69
91
93
95
99
101
103
125
129
155
159
185
189
wall_0
10
12
14
40
42
44
70
72
74
120
122
124
150
152
154
180
182
184
wall_1
16
18
46
48
76
78
116
118
146
148
176
178
wall_2
20
24
50
54
80
90
92
94
100
102
104
114
140
144
170
174