0
194
road
0
1
4
5
7
9
10
14
16
19
21
22
25
28
33
37
41
57
58
59
60
61
63
64
66
67
70
71
73
121
123
124
127
128
130
131
133
134
135
136
137
153
157
161
166
169
172
173
175
178
180
181
184
185
187
189
190
193
194
obstacle_0
2
3
11
12
30
32
35
38
42
44
46
49
52
53
55
65
69
72
77
83
85
86
88
106
108
109
111
117
122
125
129
139
141
142
145
148
150
152
155
159
162
164
182
183
191
192
obstacle_1
15
17
18
20
23
24
26
27
29
31
34
36
38
40
43
45
47
48
50
51
54
62
68
74
75
76
78
79
80
81
82
84
87
89
105
107
110
112
113
114
115
116
118
119
120
126
132
140
143
144
146
147
149
151
154
156
158
160
163
165
167
168
170
171
174
176
177
179
wall_0
56
138
wall_1
6
8
186
188
wall_2
90
91
92
93
94
95
96
97
98
99
100
101
102
103
104