18
176
road
18
32
33
48
63
64
26
41
42
56
70
71
123
124
138
152
153
168
130
131
146
161
162
176
obstacle_0
81
82
83
94
95
96
97
98
99
100
111
112
113
obstacle_1
0
1
2
3
4
5
9
10
11
12
13
14
15
16
17
19
20
24
25
27
28
29
31
34
35
39
40
43
45
47
49
50
54
55
57
59
60
61
65
69
73
74
75
76
77
80
84
87
88
89
92
93
101
102
105
106
107
110
114
117
118
119
1221
122
125
129
133
134
135
137
139
140
144
145
147
149
151
154
155
159
160
163
165
166
167
169
170
174
175
177
178
179
180
181
182
183
184
185
189
190
191
192
193
194
wall_0
30
46
62
44
58
72
122
136
150
132
148
164
7
22
37
157
172
187
wall_1
66
67
68
79
85
109
115
126
127
128
wall_2
78
86
90
91
103
104
108
116
6
8
21
23
36
38
51
52
53
141
142
143
156
158
171
173
186
188